2903
1125
3714
3209
3095
1569
804
318
2285
2569
2951
2852
2764
127
1925
7
934
3663
3653
3105
644
1964
383
1972
1147
2097
2475
2743
2530
180
1006
2536
1886
3284
1856
602
3502
2211
2681
1234
2191
2437
3118
698
1697
505
2743
3549
2129
714
1728
570
1997
2124
2921
1964
3714
1684
3416
3637
1700
3087
3564
1080
2043
1446
3835
2502
3587
216
2330
541
2171
1923
1878
2620
1308
2361
2387
268
3730
2393
3136
2084
1240
2349
2836
3328
3292
3256
2634
2666
3206
702
578
1811
2418
3442
3715
1848
3691
2987
3641
1445
1556
3601
2652
559
1636
1861
2152
3528
650
83
1624
3055
2599
1320
1730
664